0.000, 32.000, 56.000, 32.000, 28.000, 76.000, 54.000, 105.000, 89.000
32.000, 0.000, 34.000, 32.000, 60.000, 98.000, 86.000, 127.000, 111.000
56.000, 34.000, 0.000, 32.000, 60.000, 98.000, 86.000, 127.000, 111.000
32.000, 32.000, 32.000, 0.000, 28.000, 66.000, 54.000, 95.000, 79.000
28.000, 60.000, 60.000, 28.000, 0.000, 66.000, 42.000, 95.000, 79.000
76.000, 98.000, 98.000, 66.000, 66.000, 0.000, 64.000, 29.000, 63.000
54.000, 86.000, 86.000, 54.000, 42.000, 64.000, 0.000, 73.000, 45.000
105.000, 127.000, 127.000, 95.000, 95.000, 29.000, 73.000, 0.000, 72.000
89.000, 111.000, 111.000, 79.000, 79.000, 63.000, 45.000, 72.000, 0.000
