0.000, 45.000, 71.000, 43.000, 37.000, 79.000, 117.000, 115.000, 66.000
45.000, 0.000, 32.000, 28.000, 60.000, 48.000, 72.000, 70.000, 85.000
71.000, 32.000, 0.000, 60.000, 88.000, 64.000, 62.000, 64.000, 111.000
43.000, 28.000, 60.000, 0.000, 58.000, 46.000, 84.000, 82.000, 71.000
37.000, 60.000, 88.000, 58.000, 0.000, 56.000, 82.000, 78.000, 29.000
79.000, 48.000, 64.000, 46.000, 56.000, 0.000, 38.000, 36.000, 47.000
117.000, 72.000, 62.000, 84.000, 82.000, 38.000, 0.000, 26.000, 73.000
115.000, 70.000, 64.000, 82.000, 78.000, 36.000, 26.000, 0.000, 49.000
66.000, 85.000, 111.000, 71.000, 29.000, 47.000, 73.000, 49.000, 0.000
