0.000, 27.000, 34.000, 54.000, 35.000, 113.000, 85.000, 140.000, 115.000
27.000, 0.000, 57.000, 27.000, 36.000, 90.000, 58.000, 117.000, 92.000
34.000, 57.000, 0.000, 62.000, 43.000, 121.000, 93.000, 148.000, 123.000
54.000, 27.000, 62.000, 0.000, 25.000, 79.000, 41.000, 106.000, 81.000
35.000, 36.000, 43.000, 25.000, 0.000, 84.000, 56.000, 111.000, 86.000
113.000, 90.000, 121.000, 79.000, 84.000, 0.000, 72.000, 29.000, 60.000
85.000, 58.000, 93.000, 41.000, 56.000, 72.000, 0.000, 83.000, 46.000
140.000, 117.000, 148.000, 106.000, 111.000, 29.000, 83.000, 0.000, 71.000
115.000, 92.000, 123.000, 81.000, 86.000, 60.000, 46.000, 71.000, 0.000
